/Users/elliot/venv/bin/python /Users/elliot/Documents/Rice_University/Fall_2018/COMP543/Exercises/Exercise_3/implement_em.py

Results for numFlips = 10

[0.71883229 0.31953166]
[0.66440826 0.26203704]
[0.63289086 0.23278324]
[0.6164504  0.21706453]
[0.60793307 0.20877676]
[0.60351001 0.20445668]
[0.60121216 0.20221534]
[0.60001934 0.20105438]
[0.59940073 0.20045332]
[0.59908014 0.20014215]
[0.59891408 0.19998107]
[0.59882807 0.19989767]
[0.59878354 0.1998545 ]
[0.59876048 0.19983215]
[0.59874854 0.19982057]
[0.59874236 0.19981458]
[0.59873916 0.19981148]
[0.5987375  0.19980988]
[0.59873665 0.19980904]
[0.5987362  0.19980861]

Results for numFlips = 2

[0.61502429 0.27068529]
[0.58993483 0.22267655]
[0.59408178 0.20301474]
[0.6023549  0.19095269]
[0.60965986 0.1825037 ]
[0.61518297 0.17646024]
[0.61910675 0.17217333]
[0.6218076 0.1691714]
[0.62363532 0.16709314]
[0.62486131 0.16566709]
[0.62568032 0.16469508]
[0.62622667 0.16403579]
[0.62659111 0.16359018]
[0.62683435 0.16328978]
[0.62699682 0.16308763]
[0.62710542 0.16295177]
[0.62717805 0.16286055]
[0.62722666 0.16279934]
[0.6272592  0.16275829]
[0.62728098 0.16273076]

Process finished with exit code 0
