Task 1 Results:

Wounds/23778438:

[ 9.  8. 16.  5.  4.  5.  6.  5.  2.  6.  1.  1.  1.  8.  4.  2.  2.  1.
  3.  1.  1.  1.  2.  8.  1.  2.  2.  1.  1.  1.  2.  1.  3.  1.  1.  1.
  1.  1.  1.  1.  1.  1.  2.  1.  1.  7.  2.  1.  1.  2.  1.  1.  1.  1.
  2.  2.  2.  1.  2.  1.  4.  1.  1.  1.  2.  1.  1.  1.  1.  6.  1.  2.
  1.  1.  1.  1.  1.  1.  4.  1.  1.  1.  1.  1.  1.  1.  1.  1.  1.  1.
  1.  1.  1.  1.  1.  1.  2.  1.  1.  1.  1.  1.  1.  1.  1.  1.  1.  2.
  1.  3. 10.  1.  1.  2.  1.  1.  3.  4.  2.  1.  1.  1.  1.  1.  1.  1.
  4.  3.  1.  1.  2.  1.  1.  3.  1.  1.  1.  1.  1.  1.  1.  2.  1.  1.
  2.]

ParasiticDisease/2617030:

[ 6.  4.  7. 11.  3.  2.  2.  4.  2.  1.  1.  1.  2.  1.  1.  1.  2. 10.
  1.  1.  2.  2.  1.  1.  1.  2.  3.  2.  1.  1.  1.  1.  1.  1.  1.  1.
  1.  1.  2.  1.  1.  2.  1.  1.  1.  1.  1.  1.  1.  2.  2.  1.  4.  2.
  2.  1.  2.  1.  1.  1.  1.  2.  2.  1.  1.  1.  1.  6.  1.  2.  1.  1.
  1.  1.  2.  1.  1.  2.  1.  2.]

RxInteractions/1966748:

[ 4. 11. 12.  1.  2.  2.  1.  7.  1.  1.  1.  1.  1.  1.  1.  1.  1.  3.
  2.  2.  2.  1.  3.  1.  2.  1.  1.  1.  1.  1.  1.  1.  1.  1.  1.  1.
  1.  1.  1.  7.  4.  7.  1.  1.  1.  1.  1.  2.  2.  8.  3.  2.  2.  1.
  1.  1.  1.  1.  1.  1.  2.  1.  2.  5.  3.  1.  5.  1.]

Task 2 Results:

PalliativeCare/16552238:

[0.00032449 0.00034    0.00103487 0.00115031 0.00231035 0.00177088
 0.00371787 0.00814904 0.00840927 0.01045076 0.00435894 0.0091327
 0.00977447 0.00751707 0.01276804 0.01664512 0.01118555 0.00843088
 0.01663967 0.0119817  0.01158592 0.01172957 0.01277195 0.0115162
 0.02701755 0.02545821 0.01413121 0.01281512 0.01524382 0.01355557
 0.01541376 0.02735984 0.05133304 0.01398488 0.01412134 0.01521696
 0.06011952 0.02028372 0.01716071 0.05989578 0.0174769  0.04396489
 0.01818589 0.04308412 0.01986507 0.01857038 0.0185545  0.01960606
 0.01913777 0.02322052 0.04317282 0.01916706 0.06152586 0.0453607
 0.0644154  0.0244359  0.02093834 0.06405255 0.02324416 0.02242799
 0.0720869  0.02281076 0.02224565 0.02404254 0.02437805 0.02424995
 0.02286597 0.05370337 0.0257697  0.02335172 0.02519566 0.0507958
 0.0247648  0.05752808 0.02685169 0.05771315 0.02733359 0.0293427
 0.06442417 0.05796457 0.0311984  0.02965517 0.06442417 0.03002326
 0.07112677 0.03163284 0.03110612 0.0312451  0.03576388 0.03536957
 0.03509044 0.03701045 0.0811112  0.04185295 0.04010815]

SquamousCellCancer/23991972:

[0.0003997  0.00039596 0.00064895 0.00206097 0.00124181 0.00211522
 0.00666118 0.01430544 0.01343025 0.01752524 0.00243339 0.00548487
 0.00582116 0.00624142 0.00811667 0.00390489 0.01042328 0.00746378
 0.00800864 0.01055922 0.04590675 0.00754934 0.00776614 0.01771369
 0.00797702 0.00879537 0.00873774 0.01092511 0.00956865 0.02749962
 0.00906791 0.02291817 0.01310475 0.01150497 0.01180226 0.01140316
 0.01091877 0.01265921 0.01162875 0.01426937 0.01167983 0.01223858
 0.01225493 0.01469632 0.01262393 0.01284617 0.01369086 0.01480876
 0.03082104 0.01684423 0.01494079 0.01576772 0.01686899 0.01399349
 0.04832443 0.01430263 0.01591031 0.01621652 0.01515426 0.01488961
 0.01622968 0.01548612 0.04253096 0.01659812 0.05116805 0.01783151
 0.01820923 0.01785546 0.01783749 0.01916524 0.01877155 0.02374818
 0.02340623 0.02152595 0.02021298 0.02167371 0.01998228 0.02120805
 0.04285944 0.02352961 0.02069713 0.0454128  0.02391834 0.02532146
 0.0230527  0.02413415 0.02457279 0.02405464 0.02393759 0.02365599
 0.04910209 0.02610758 0.02448634 0.02524652 0.02640873 0.12161938
 0.02637782 0.08501327 0.02937793 0.02847423 0.03008124 0.02937793
 0.03082174 0.03723915 0.03293353 0.03375452 0.03723915]

HeartFailure/25940075:

[4.41551316e-04 2.22074806e-04 6.19609833e-04 1.00178807e-03
 2.01205000e-03 1.60649410e-03 2.02364899e-03 4.79949355e-03
 2.89730389e-03 6.52812145e-03 1.06482458e-02 1.66628950e-03
 9.86330115e-03 4.93165058e-03 5.32028356e-03 3.05933628e-03
 5.02574971e-03 3.16656605e-03 7.32294137e-03 1.16675026e-02
 4.24069562e-03 4.53495503e-03 5.01490947e-02 4.58694070e-03
 9.88466350e-03 4.24199173e-02 5.53807548e-03 5.11678435e-03
 5.30900684e-03 1.19899213e-02 7.13470790e-02 6.49301927e-03
 5.85422212e-03 6.23165807e-03 5.81237613e-03 6.09238846e-03
 8.29401269e-03 8.74223847e-03 2.37173415e-02 8.56021263e-03
 9.12200351e-03 7.84593567e-03 9.48893053e-03 8.28264982e-03
 2.49407620e-02 1.67261206e-02 7.67290594e-03 9.05511475e-03
 8.11231865e-03 8.34317821e-03 9.11567229e-03 9.25356452e-03
 1.00057437e-02 7.50124450e-03 1.87267097e-02 9.22070278e-03
 8.06658726e-03 8.28264982e-03 8.77235941e-03 1.30061388e-02
 9.07794864e-03 8.14162745e-03 9.21199698e-03 3.40094835e-02
 8.18374937e-03 8.26004575e-03 9.35652241e-03 8.56729614e-03
 1.05005527e-02 6.79698228e-02 1.00706455e-02 9.77941513e-03
 9.57550436e-03 9.77941513e-03 1.00253559e-02 5.24538524e-02
 9.20765304e-03 1.51977599e-01 2.04091684e-02 1.01369063e-02
 9.74579059e-03 1.06993502e-02 1.05765719e-02 9.70235230e-03
 1.10173515e-02 1.11790650e-02 2.16832029e-02 2.24068782e-02
 1.10211990e-02 1.08488847e-02 2.29873113e-02 2.29962570e-02
 1.09829330e-02 2.54603714e-02 2.46201929e-02 1.09114783e-02
 1.13666183e-02 1.19136702e-02 2.73209082e-02 2.60993769e-02
 1.33323578e-02 2.68925232e-02 1.25566538e-02 1.41794508e-02
 1.25754718e-02 1.38997497e-02 1.29702997e-02 1.32534371e-02
 2.70434231e-02 1.37231206e-02 2.96778971e-02 1.40766965e-02
 1.42427441e-02 1.41586313e-02 1.44862917e-02 1.43732598e-02
 1.44748051e-02 4.56640273e-02 3.18695188e-02 1.49702768e-02
 6.41832316e-02 3.21294017e-02 1.65778868e-02 1.58451059e-02
 3.48880256e-02 3.22441319e-02 3.41686628e-02 1.66227748e-02
 1.71907131e-02 3.38127153e-02 1.66454599e-02 3.50063303e-02
 3.81015950e-02 1.86404246e-02 1.80920964e-02 1.88618126e-02
 3.78160226e-02 1.93040972e-02 3.96367952e-02 1.89548945e-02
 1.90024827e-02 1.92517893e-02 2.03583518e-02 4.27876713e-02
 2.14976009e-02 4.65900375e-02 2.71677258e-02 2.70606420e-01]

Task 3 Results:

QA
Asthma
Asthma
PalliativeCare
SquamousCellCancer
QA
Asthma
BrainInjuries
PalliativeCare
                                                                                
Process finished with exit code 0